part 1: 379
18 19 20 20 21 23 25 25
15 17 19 19 23
35 37 37 39 40 43 50
2 5 6 10 12
30 32 35 38 42 43 43
64 66 68 72 76
73 74 77 80 84 86 91
64 67 72 73 74 76
72 73 75 81 82 81
24 25 32 35 37 38 38
59 60 62 64 65 70 74
44 46 47 48 50 52 58 63
36 35 36 36 36
73 72 72 75 79
80 77 78 78 79 82 87
92 90 91 95 97 96
86 84 86 90 93 96 98 98
36 33 34 38 41 45
82 81 85 88 89 92 99
70 69 71 77 78 81
51 49 50 57 60 58
28 27 30 33 35 40 40
40 37 38 45 49
53 52 54 55 56 61 67
91 91 93 96 96
55 55 58 60 64
80 80 81 82 83 85 88 95
25 25 22 24 24
71 71 74 76 77 74 78
86 86 87 86 87 88 93
41 41 43 43 46
70 70 70 72 71
12 12 13 13 14 15 15
23 23 23 26 28 31 35
84 84 86 88 88 89 91 98
4 4 5 7 8 9 13 14
31 31 35 36 37 36
19 19 23 26 26
80 80 84 85 88 90 94
51 51 53 54 58 60 61 66
35 35 36 42 43
9 9 12 15 18 24 21
2 2 8 11 14 15 15
25 25 30 33 36 38 39 43
13 13 18 19 26
41 45 47 50 50
16 20 23 25 28 31 34 38
10 14 15 18 20 25
7 11 14 11 14 14
90 94 92 94 98
27 31 34 32 35 37 44
50 54 54 56 59 61 63
48 52 52 53 50
84 88 89 90 91 91 91
48 52 54 54 56 60
85 89 89 91 98
9 13 15 17 21 23
43 47 49 52 53 57 55
76 80 82 83 86 90 93 93
5 9 11 15 16 20
53 57 61 62 65 66 73
65 69 70 73 76 81 82 83
15 19 21 27 24
51 55 57 63 65 65
15 19 22 25 27 33 37
1 5 6 7 9 11 16 22
36 42 44 47 50 52 54 54
79 84 87 88 90 92 94 98
35 42 45 46 47 49 52 58
85 92 94 97 96 98 98
17 22 25 27 25 28 32
22 28 26 28 31 33 40
51 57 60 61 61 62 63
7 13 16 16 19 18
80 87 87 89 89
70 76 79 81 84 84 88
39 45 46 49 49 51 52 58
38 43 45 48 52 55 57 58
79 84 86 89 93 94 92
39 45 48 52 52
58 63 67 69 70 74
76 83 86 90 97
13 18 25 27 29 31
60 66 69 72 75 80 82 81
21 26 29 31 33 38 38
31 37 42 45 46 50
15 21 23 24 30 32 38
80 78 76 73 72 71 71 71
45 43 40 37 37 33
97 94 91 88 87 86 86 80
58 56 53 51 47 44
73 72 71 68 65 61 61
95 92 88 86 82
19 17 16 12 11 10 5
80 77 74 71 66 64 62 61
64 62 59 56 51 52
47 46 43 42 39 38 33 33
45 44 41 39 34 30
95 92 89 87 82 81 80 74
35 36 36 34 32 30 30
79 80 80 78 76 74 70
44 45 45 43 37
37 40 37 33 31
63 65 63 59 56 55 54 56
19 22 21 17 15 13 11 11
94 95 91 90 88 84
22 23 19 18 16 14 7
29 32 30 23 22
64 67 64 58 56 57
29 30 27 24 18 18
33 36 34 27 24 22 20 16
50 52 49 48 46 39 37 31
88 88 85 84 84
41 41 38 36 32
73 73 70 69 67 66 60
59 59 57 60 59 58 56 56
30 30 27 28 25 23 19
9 9 7 6 5 8 3
89 89 87 86 85 85 82
52 52 49 46 46 47
60 60 59 59 59
21 21 19 19 15
17 17 17 16 13 12 10 4
33 33 29 28 26 25
67 67 63 61 58 60
27 27 25 24 20 20
78 78 76 74 72 68 64
62 62 59 55 49
47 47 44 38 36 33 31
31 31 28 21 23
81 81 80 79 78 72 72
75 75 69 66 62
97 97 91 89 87 85 78
37 33 32 31 28 28
73 69 67 65 62 59 55
67 63 60 58 53
18 14 13 16 16
91 87 84 81 82 79 77 73
96 92 90 92 91 88 81
40 36 35 35 34 33 31
93 89 86 83 82 82 80 81
86 82 79 79 78 77 77
20 16 13 13 12 8
30 26 23 23 21 19 17 10
76 72 69 66 62 60 57 54
57 53 49 46 48
64 60 58 54 54
20 16 15 12 8 5 1
40 36 34 31 27 25 19
25 21 20 18 16 14 9 6
48 44 43 40 38 36 29 31
96 92 90 89 83 81 80 80
45 41 34 32 28
35 31 28 27 21 19 14
60 55 53 51 50 50
68 62 61 60 56
55 50 49 46 43 42 37
47 41 39 36 37 37
72 66 69 68 66 62
52 47 49 46 43 36
77 71 68 68 67 66
99 94 94 93 96
45 38 35 33 31 31 31
23 16 13 10 10 6
33 26 25 25 23 20 18 11
44 37 33 30 28 27
90 85 81 79 80
91 85 82 79 77 73 70 70
98 91 88 86 82 78
68 63 61 58 54 52 45
64 58 57 50 49
66 59 56 49 52
89 82 77 76 73 70 70
80 73 72 67 63
73 66 60 59 57 50
49 50 52 52 53 55 55
8 11 14 16 16 20
59 62 62 63 70
43 45 49 52 55 57
80 82 86 88 89 92 93 91
81 82 86 87 88 91 94 94
38 41 45 48 51 53 57
35 38 40 41 45 47 54
6 9 12 14 15 17 22 23
81 82 83 85 91 90
74 76 83 84 87 87
24 27 28 35 37 41
69 71 72 77 80 85
39 37 38 38 39 42 44 44
13 11 12 13 15 15 16 20
10 8 8 11 14 20
42 40 42 45 49 50
32 30 34 35 37 37
47 44 45 49 51 55
36 35 39 40 43 45 47 53
68 66 67 68 73 74
40 37 38 39 40 46 47 45
28 26 27 30 35 35
45 42 48 50 54
44 43 45 48 54 59
66 66 69 71 73 75 78 78
59 59 61 64 67 71
28 28 29 30 31 33 36 41
37 37 40 38 41 41
41 41 40 42 46
68 68 69 72 69 71 78
95 95 95 97 98 99
9 9 9 10 13 14 17 16
81 81 82 85 88 88 88
86 86 86 89 92 96
58 58 59 62 62 67
80 80 81 85 87
84 84 87 91 88
3 3 7 10 11 12 12
74 74 75 79 81 82 85 89
26 26 28 29 31 35 37 44
38 38 39 46 49
77 77 80 81 87 88 85
75 75 78 81 87 90 92 92
28 28 31 37 40 43 47
11 11 12 18 20 27
56 60 61 63 63
46 50 53 56 58 62
67 71 73 76 81
81 85 86 89 87 88 88
72 76 79 76 79 82 86
39 43 44 46 43 49
38 42 45 45 46
41 45 48 51 51 48
79 83 86 86 86
24 28 29 31 33 33 34 38
55 59 59 61 62 65 67 74
73 77 80 82 86 87 90
45 49 50 53 57 54
80 84 88 90 92 92
14 18 20 22 24 28 32
61 65 69 70 73 76 82
50 54 57 59 62 63 69 70
75 79 81 82 83 89 92 89
45 49 52 59 61 63 63
38 42 44 45 48 55 57 61
62 66 69 71 74 80 86
14 19 20 21 22 22
8 14 17 20 23 27
23 28 29 31 38
18 23 20 22 22
65 72 71 74 76 80
8 14 15 17 14 17 20 25
59 65 68 70 70 73
59 65 68 68 71 74 71
34 41 43 43 43
20 25 25 28 32
43 48 50 50 53 56 58 64
38 45 49 52 55 58
23 30 34 35 33
4 9 11 14 18 20 21 21
51 57 61 63 67
67 74 78 81 82 88
20 26 29 36 37
9 14 15 18 20 26 29 28
73 79 82 87 90 90
9 16 18 24 28
8 14 19 22 29
96 95 93 90 89 86 86 86
25 22 22 19 15
39 36 34 34 33 31 24
53 52 49 47 43 40
93 92 88 85 87
82 80 76 75 72 69 66 66
57 55 52 49 47 43 39
43 40 36 33 26
33 30 28 21 18
72 70 67 66 59 61
26 23 22 19 14 12 10 10
25 22 20 18 13 10 9 5
33 30 27 21 19 16 13 6
84 85 83 80 79 78 78 78
20 22 22 19 17 15 11
87 89 87 86 86 81
54 55 53 49 49
28 30 26 25 23 21 17
34 37 34 32 28 21
33 36 33 31 28 21 18 15
66 69 68 63 61 58 55 58
93 94 93 87 85 85
17 18 13 12 8
81 83 80 78 71 68 63
28 28 26 23 23
48 48 46 45 44 43 39
16 16 13 11 6
41 41 43 41 41
39 39 36 39 36 32
34 34 36 35 30
88 88 87 85 85 84
6 6 4 3 3 5
41 41 38 38 38
14 14 11 8 8 7 5 1
75 75 72 72 70 64
59 59 55 52 51
91 91 88 84 81 79 80
95 95 92 88 85 85
62 62 60 59 55 51
17 17 13 11 4
67 67 66 65 63 58 56
63 63 56 55 57
46 46 45 39 39
42 42 39 38 32 28
91 91 86 84 78
10 6 5 4 4
93 89 88 86 85 83 81 77
52 48 46 43 38
48 44 41 44 43 42 39 39
61 57 56 53 54 51 47
55 51 54 52 50 43
23 19 16 16 15 13 11 8
23 19 17 16 14 14 13 14
23 19 19 17 14 11 9 9
24 20 19 16 14 14 10
94 90 88 85 85 84 77
47 43 41 39 36 32 30
54 50 46 45 42 43
88 84 81 77 77
29 25 21 20 18 15 12 8
67 63 59 58 51
16 12 6 3 1
68 64 61 59 53 51 50 53
70 66 60 58 58
84 80 75 73 70 66
92 88 86 85 78 77 71
25 20 19 16 13 13
79 74 73 72 70 69 67 63
77 71 70 67 64 62 56
88 82 83 82 82
13 6 5 7 3
17 11 12 9 6 1
87 82 81 80 80 78 75
23 17 14 11 11 12
70 64 61 58 58 58
96 91 90 87 87 85 81
92 85 85 83 80 74
23 17 13 12 11
70 63 59 56 55 53 54
85 80 79 76 73 70 66 66
81 75 74 73 72 68 64
69 62 59 55 54 49
68 62 60 58 52 49
81 75 74 71 69 64 66
71 65 58 55 55
39 32 31 26 24 22 19 15
53 47 42 40 33
39 40 43 44 46 48 55 61
41 37 35 31 29 25
33 28 26 23 23 24
53 49 48 45 43 39
45 45 46 47 49 49 50 57
55 52 51 50 47 46 46 42
43 40 39 33 27
31 37 42 44 46 46
25 31 33 35 32 38
74 74 80 82 83 87
34 40 40 41 44 45 50
72 69 67 64 61 54 54
23 27 27 29 34
53 57 58 60 60
47 40 35 34 35
28 24 22 20 18 16 16
55 58 56 52 52
9 9 11 14 15 12 16
38 33 29 27 26 21
19 18 19 19 20 24
59 59 55 54 53 52 46
9 13 16 18 20 21 22 26
36 32 25 24 21 15
2 4 7 7 9 11 18
90 84 82 79 75 72 68
74 74 78 79 81 81
76 76 75 68 67 64 65
85 85 85 86 85
34 37 35 32 29 25 24
86 84 84 83 80 77 75 68
15 16 20 21 23 26 29
65 71 75 76 73
81 87 88 91 94 96 97 97
34 36 38 41 48 51 55
44 46 44 44 41 40 38 38
54 53 50 48 44 38
25 25 23 20 17 15 11
82 82 81 81 81
52 56 58 62 64 68
46 39 41 40 34
18 24 27 34 37
18 23 24 27 34 36 37 36
10 10 11 14 16 21
2 6 9 12 13 13 15 14
46 51 52 56 57 59 63
69 75 80 81 85
84 87 86 80 79 79
10 14 16 17 18 25 27 31
94 94 91 86 82
39 46 47 49 52 56 58
1 1 2 2 2
3 7 8 10 17 20 20
26 26 24 19 17 14 12
43 43 42 44 42 37
62 62 59 60 59 58 55 55
19 23 27 28 30 36
12 10 10 12 13 15 17 22
52 53 54 55 62 65 67 67
50 46 45 43 41 40 40 40
69 70 74 77 77
83 87 89 89 90 94
86 83 84 88 89 92 93 97
47 44 44 47 47
83 87 89 89 92
65 61 57 55 57
65 69 71 75 78 81 81
72 72 73 80 81 84 82
31 28 30 34 35 36 39 41
94 89 83 82 81 80 79
55 55 52 48 45 45
64 66 64 61 59 54 50
7 6 11 14 17 21
83 79 75 73 72 71 70 70
51 55 57 61 58
53 50 47 46 42 42
89 89 90 96 99
77 73 69 68 66
76 77 74 74 69
91 92 93 95 96 99 99 99
17 15 11 10 9 6 5
21 25 28 30 28 35
44 44 42 45 43 39
36 36 37 41 42 44 46 44
43 43 40 40 37 40
19 22 19 15 10
31 37 38 41 45 45
1 5 8 9 10 15
42 38 40 38 37 30
53 53 51 50 50
18 13 15 13 11 11
part 2: 560
